$ANSIBLE_VAULT;1.1;AES256
66623166303335643538333030346133393735376666356365316364643437356132356630356333
3636346365666337323438346138363462346263323633660a353166393934336433343864653734
64326538643931343066616362623566663436613463613232663337666561393036353838613664
6137326338653237320a656564356231663764353162643965393234616132633334343265363261
64666331663333386336653834626137336133323538346339313563663566346536383733393937
36623661303030373731326331373761333838336336383736393232303236396532386636666235
66643534383531336561393062386331656232656362383762653764616161323732643437353838
63643665346432356431303831393932353434376633396561313362653061626465363337643161
36643938386661316530616430663035363136373931323837343331323938373064383462653138
62366338333961346132653865663438303831643262373963663038306265616330356364646565
66646139326238613364346536656233633665656536653763323735633866633032633737316332
62353535343964653564616432663337663834323433333439313638383632646163336436343462
39373939363731633566613966393265386137346366663031346233393962633465333839303862
30323939633864666463326565623139383235373162386133333836653536643362326361633834
39333464623936383363393338386232306638613437303561363834633662356465386137303761
37393239393130613862313135393833633663356465343339383263646335333562356466386637
37373332616662613532623332616632336430316439316136363936646539366430616433333266
33303737663434343534623563313537646564643564316231653561616466623938313035663265
37363236633162393937346564316639643734313762656334323965393231636538386666383031
38623262356263623031363531666134306434666564343033643333633236336435366161316461
62353664663935323562386537613934313339376638633735316536633739376261373031616561
33333661373537376538376363666237356265316236613062336235323934633238396361656561
63663935623034383236373464356561626138323339623166643062653834353334383439623337
34383237366135396333386661363264653430376139623731353337666663323865393437666635
3562
