$ANSIBLE_VAULT;1.1;AES256
34616563306463666561393666386239306330376534616633383436656635393839333236346337
6564613232326563383631343132616531636466363538370a653435613239343161353131386432
61323862643666343735666162393038336438633362373964356261333461376364323732303063
3637646137363333310a383333346633363266373934366636313530393263373466393834316662
35306664653265343063313466343437313934346436333339626332313566613433643130346335
63616139306466323534343832363265653933663366336664373838643064663131613661323364
62656636393138393933346161373961313032653537653136363538393332373039613862313136
66376436303938613435643137323962306562663338666163343532373733663762326136373933
33376338613935616635383536623538366438643836386631383464343034333363646565666164
33643733323333323332353930333262623966626635373464633863353131383466343538613365
31616532323065626433666135393239633238653432336162346339393231636434613639353361
61333764633532393663353536383633313565623363383135646133356133633965623134363437
34363733313861393863636162386338333730323332376264303339303764656135623531643261
61393930323138393566643232353061396130623561353238613431336433383334373663646136
37313962323430653839383134333832633334356437653536646632633334303534396530343539
64383965316637656564616337386563623339363636643130383132613562626131323234333963
39383139373463353334623562373238353165323836343731613863316336653764653131623961
34633435646463343666336366313965653532623361653432633962353863306235343532303235
37613239663235636334633262633865303332313463373436336566623630356338316163386237
32633637636663303533393439613533613739353136396234343264343963656231626164653231
62616537636530356164393466373264376238653437373139363665666633393639626333616563
30373431633337356363623232336434663637323962643735646337353463666233343339636237
62366639393934336135353134393565643739353937623633383037343761643461633930656230
34323262376333383338666662613766616634313539363230303138346164313839353039663830
6363
